[-71.74330431 -80.15274795 -83.84565084 ... -87.1013704  -87.09800107
 -87.09463315] [-71.74330431 -80.15274795 -83.84565084 ... -87.29563835 -87.29220908
 -87.28878025] [-71.74330431 -80.15274795 -83.84565084 ... -88.02234881 -88.01504814
 -88.00820176] [-71.74330431 -80.15274795 -83.84565084 ... -87.18183065 -87.17842761
 -87.17502499] [-71.74330431 -80.15274795 -83.84565084 ... -87.84371073 -87.84042441
 -87.8371362 ] [-71.74330431 -80.15274795 -83.84565084 ... -87.60387345 -87.60046903
 -87.59706351] [-71.74330431 -80.15274795 -83.84565084 ... -87.63484422 -87.63145846
 -87.62807147] [-71.74330431 -80.15274795 -83.84565084 ... -87.1916941  -87.18828265
 -87.18487204] [-71.74330431 -80.15274795 -83.84565084 ... -87.4034603  -87.40003103
 -87.39660164] [-71.74330431 -80.15274795 -83.84565084 ... -87.67278651 -87.66941462
 -87.66604132] [-71.74330431 -80.15274795 -83.84565084 ... -87.7957753  -87.79246139
 -87.7891457 ] [-71.74330431 -80.15274795 -83.84565084 ... -87.28450421 -87.28107196
 -87.27764024] [-71.74330431 -80.15274795 -83.84565084 ... -87.64288864 -87.63950737
 -87.63612483] [-71.74330431 -80.15274795 -83.84565084 ... -87.50278245 -87.49934825
 -87.4959131 ] [-71.74330431 -80.15274795 -83.84565084 ... -88.01388341 -88.00554221
 -87.9977608 ] [-71.74330431 -80.15274795 -83.84565084 ... -87.20574078 -87.20232335
 -87.19890659] [-71.74330431 -80.15274795 -83.84565084 ... -87.12108311 -87.11770237
 -87.11432308] [-71.74330431 -80.15274795 -83.84565084 ... -87.84115726 -87.83785609
 -87.83455483] [-71.74330431 -80.15274795 -83.84565084 ... -87.88632052 -87.88199094
 -87.87778076] [-71.74330431 -80.15274795 -83.84565084 ... -88.04694888 -88.03543809
 -88.02478301] [-71.74330431 -80.15274795 -83.84565084 ... -87.79561504 -87.79229538
 -87.78897385] [-71.74330431 -80.15274795 -83.84565084 ... -86.96962083 -86.96629467
 -86.96293116] [-71.74330431 -80.15274795 -83.84565084 ... -87.9052811  -87.9018825
 -87.89849962] [-71.74330431 -80.15274795 -83.84565084 ... -87.21916191 -87.21574772
 -87.21233418] [-71.74330431 -80.15274795 -83.84565084 ... -87.03823903 -87.03490297
 -87.03156866] [-71.74330431 -80.15274795 -83.84565084 ... -87.27709524 -87.27367192
 -87.27024904] [-71.74330431 -80.15274795 -83.84565084 ... -87.19832744 -87.19490978
 -87.19149252] [-71.74330431 -80.15274795 -83.84565084 ... -88.06378346 -88.05160056
 -88.040307  ] [-71.74330431 -80.15274795 -83.84565084 ... -87.41564706 -87.41221251
 -87.40877778] [-71.74330431 -80.15274795 -83.84565084 ... -87.50305137 -87.49962998
 -87.49620799] 